- detectar rectangulo
- recortar la imagen por porciones para que queden 10 cuadrados para deteccion
- pasar las 10 imagenes para deteccion
- intentar de que se cropee en orden
------------------------------
coord imagen1:
0 : [251, 766, 282, 794], 10
1 : [249, 703, 281, 737], 9
2 : [246, 202, 281, 240], 1
3 : [247, 267, 280, 302], 2
4 : [248, 584, 280, 616], 7
5 : [247, 331, 281, 366], 3
6 : [248, 518, 281, 552], 6
7 : [248, 641, 282, 675], 8
8 : [248, 393, 280, 428], 4
9 : [248, 456, 282, 491], 5

coord imagen_modificada65:

0 : [251, 520, 278, 548], 6
1 : [248, 203, 279, 238], 1
2 : [250, 582, 276, 613], 7 
3 : [248, 270, 277, 303], 2 
4 : [250, 765, 282, 796], 10 
5 : [251, 459, 279, 489], 5 
6 : [249, 704, 280, 736], 9 
7 : [249, 641, 280, 673], 8 
8 : [249, 393, 280, 429], 4 
9 : [249, 333, 278, 366], 3

coord imagen_modificada13:

0 : [249, 764, 283, 798], 10
1 : [248, 702, 282, 737], 9
2 : [247, 331, 282, 366], 3
3 : [248, 393, 282, 428], 4
4 : [248, 642, 282, 676], 8
5 : [249, 519, 283, 554], 6
6 : [246, 202, 281, 239], 1
7 : [248, 456, 282, 492], 5
8 : [248, 581, 282, 615], 7
9 : [246, 267, 281, 302], 2

coord runs/detect/exp21/imagen_0.jpg

0 : [253, 307, 292, 340] 3
1 : [255, 193, 291, 225] 1
2 : [253, 610, 292, 645] 8
3 : [253, 249, 291, 282] 2
4 : [254, 486, 293, 522] 6
5 : [253, 736, 293, 773] 10
6 : [253, 366, 292, 400] 4
7 : [253, 547, 293, 583] 7
8 : [253, 672, 292, 709] 9
9 : [253, 426, 292, 461] 5

coord imagen_0 con numeros:

0 : [257, 250, 290, 281], 2
1 : [261, 194, 291, 225], 1
2 : [255, 363, 291, 399], 4
3 : [255, 671, 290, 709], 9
4 : [255, 609, 292, 645], 8
5 : [258, 305, 290, 339], 3
6 : [256, 737, 291, 773], 10
7 : [254, 547, 292, 584], 7
8 : [255, 425, 291, 461], 5
9 : [255, 486, 292, 521], 6

imagen horizontal, img_113:

{0: [1906, 1093, 1978, 1171], 
1: [1599, 1093, 1669, 1173], 
2: [1750, 1098, 1819, 1176], 
3: [541, 1097, 615, 1177], 
4: [691, 1098, 764, 1177], 
5: [1301, 1094, 1377, 1177], 
6: [843, 1098, 916, 1178], 
7: [994, 1095, 1072, 1178], 
8: [1452, 1094, 1527, 1178], 
9: [1151, 1096, 1226, 1179]}

-------------------------------
- ordenar lista de coordenadas
- 225, 281, 339, 399, 461, 521, 584, 645, 709, 773
- {0: [257, 250, 290, 281], ...



